000000000000000000000000000000
000000000000000000000000000000
000000000000000000000000000000
000000000000000000000000000000
000000000000000000000000000000
000000000000000000000000000000
000000000000000000000000000000
000000000000010000000000000000
000000000000010000000088000000
000000000000010000000880000000
000000000000r10000008800000000
000008880000011000888000000000
000000088888111188800000000000
000000000000000000000000000000
000000000000000000000000000000
000000000000000000000000000000
000000000000000000000000000000
000000000000000000000000000000
000000000000000000000000000000
000000000000000000000000000000
!9.8,11.0
@0.7,1.6
#0.4,0.02,0.2
$test
%20.5,8