00000000000000000000000000000000000000000000
00000000000000000000000000000000000000000000
00000000000000000000000000000000000000000000
00000000000000000000000000000000000000000000
00000000000000000000000000000000000000000000
00000000000000000000000000000000000000000000
00000000000000000000000000000000000000000000
00000000000000000000000000000000000000000000
00000000000000000000000000000000000000000000
00000000000000000000000000000000000000000000
00000000000000000000002200000000000000000000
00000000000000000000222000000000000000000000
00000000000000000022002000000000000000000000
00000000000000000200022000000000000000000000
00000000000000022000020000000000000000000000
00000000000000200000200000000000000000000000
00000000000000222222000000000000000000000000
00000000000000000020000000000000000000000000
00000020000000000200000000000000000000000000
00000002220002200000000000000000000000000000
00000000022220000000000000000000000000000000
00000000000000000000000000000000000000000000
00000000000000000000000000000000000000000000
00000000000000000000000000000000000000000000
00000000000000000000000000000000000000000000
00000000000000000000000000000000000000000000
00000000000000000000000000000000000000000000
00000000000000000000000000000000000000000000
00000000000000000000000000000000000000000000
00000000000000000000000000000000000000000000
00000000000000000000000000000000000000000000
00000000000000000000000000000000000000000000
00000000000000000000000000000000000000000000
!14.8,9.6
@0.7,1.6
#0.4,0.02,0.2
$test
%9,12.5