000000000000000000000000000000
000000000000000000000000000000
000000000000000000000000000000
000000000000000000000000000000
000000000000000000000000000000
000000000000000000000000000000
000000000000000000000000000000
000000000000000000000000000000
000000000000000000000000000000
000000000000000011000000000000
000000000000000011000000000000
000000000000000r11000000000000
000000000000000011000000000000
000000000000000011000000000000
000000000088888888888888888800
000000000000000000000000000000
000000000000000000000000000000
000000000000000000000000000000
000000000000000000000000000000
000000000000000000000000000000
!12.1,13.0
@0.7,1.6
#0.4,0.02,0.2
$test
%22.5,13