000000000000000000000000000000
000000000000000000000000000000
000000000000000000000000000000
000000000000000000000000000000
000000000000000000000000000000
000000000000000000000000000000
000000000000001000000000000000
000000000000001000000000000000
000000000000001000000000000000
000000000000001000000000000000
000000000000r01000000000000000
000000000000001000000000000000
000008888888888888888888800000
000000000000000000000000000000
000000000000000000000000000000
000000000000000000000000000000
000000000000000000000000000000
000000000000000000000000000000
000000000000000000000000000000
000000000000000000000000000000
!8.1,11.1
@0.7,1.6
#0.4,0.02,0.2
$test
%20,11