000000000000000000000000000000
000000000000000000000000000000
000000000000000000000000000000
000000000000000000000000000000
000000000000000000000000000000
000000000000000000000000000000
000000000000000000000000000000
000000000000000110000000000000
000000000000000110000000000000
000000000000000110000000000000
000000000000r00110000000000000
000000000000000110000000000000
000000000000000110000000000000
000000888888888888888888880000
000000800000000000000000000000
000000000000000000000000000000
000000000000000000000000000000
000000000000000000000000000000
000000000000000000000000000000
000000000000000000000000000000
!8.6,11.5
@0.7,1.6
#0.4,0.02,0.2
$test
%23.5,11.5