00000000000000000000000000000000000000000000
00000000000000000000000000000000000000000000
00000000000000000000000000000000000000000000
00000000000000000000000000000000000000000000
00000000000000000000000000000000000000000000
00000000000000000000000000000000000000000000
00000000000000000000000000000000000000000000
00000000000000000000000000000000000000000000
00000000000000000000000000000000000000000000
00000000000000000000000000000000000000000000
00000000000000000000000000000000000000000000
00000000000000000000111111000000000000000000
00000000000000000000100000111000000000000000
00000000000000000000100000010000000000000000
000m0000000000000000100000010000000000000000
00000007770000770000100000010000000000000000
01111111171111777111100000011000000000000000
00000000070077000000000000000000000000000000
00000000077700000000000000000000000000000000
00000000000000000000000000000000000000000000
00000000000000000000000000000000000000000000
00000000000000000000000000000000000000000000
00000000000000000000000000000000000000000000
!12.7,10.8
@0.7,1.6
#0.4,0.02,0.2
$test
%6,10.5