000000000000000000000000000000
000000000000000000000000000000
000000000000000000000000000000
000000000000000000000000000000
000000000000000000000000000000
000000000000000000000000000000
000000000000000000000000000000
000000000000000000000000000000
000000000000000000000000000000
000000000000001100000000000000
000000000000001100000000000000
000000000000001100000000000000
0000000000000r1100000000000000
000000000000001100000000000000
000000000000001100000000000000
000008888888888888888888800000
000000000000000000000000000000
000000000000000000000000000000
000000000000000000000000000000
000000000000000000000000000000
!10.6,13.5
@0.7,1.6
#0.4,0.02,0.2
$test
%21,14