000000000000000000000000000000
000000000000000000000000000000
000000000000000000000000000000
000000000000000000110000000000
000000000000000000110000000000
000000000000000000110000000000
000000000000000000110000000000
000000000000000000110000000000
000000000000000000110000000000
000000000000000000110000000000
000000000000000000110000000000
00000000000000000r110000000000
00000000000000000r110000000000
00000000008880000r110000000000
000000000000088888888888888000
000000000000000000000000000000
000000000000000000000000000000
000000000000000000000000000000
000000000000000000000000000000
000000000000000000000000000000
!14.8,12.1
@0.7,1.6
#0.4,0.02,0.2
$test
%24.5,13